RSA_TIME <- c(0.53516, 0.522783, 0.430319, 0.4972, 0.401664, 0.397111, 0.529852, 0.497101, 0.726646, 0.459479, 0.476419, 0.701871, 0.914691, 0.448231, 0.835665, 0.343176, 0.314522, 0.508558, 0.311985, 0.223145, 0.470897, 0.452801, 0.471671, 0.74783, 0.458996, 0.526464, 0.571027, 0.484377, 0.919792, 0.320478, 0.300864, 0.092563, 0.317601, 0.397675, 0.47674, 0.234896, 0.342877, 0.367741, 0.288266, 0.361979, 0.205881, 0.241294, 0.202736, 0.470315, 0.548391, 0.499914, 0.259181, 0.544036, 0.296033, 0.575824, 0.466192, 0.183487, 0.14255, 0.566426, 0.432288, 0.21856, 0.14239, 0.315521, 0.41135, 1.00704, 0.806796, 0.621888, 0.472603, 0.292104, 0.432443, 0.34255, 0.311429, 0.663399, 0.299459, 0.591047, 0.572377, 0.42717, 0.541826, 0.309774, 0.53692, 0.274356, 0.414911, 0.509497, 0.375962, 0.439316, 0.334612, 0.625511, 0.372611, 0.179886, 0.375795, 0.118111, 0.262392, 0.627933, 0.163736, 0.465973, 0.202906, 0.752467, 0.150248, 0.227011, 0.714173, 0.182284, 0.052781, 0.381194, 0.144947, 0.435476, 0.239288, 0.622729, 0.329745, 0.608461, 0.398388, 0.877884, 0.33735, 0.70196)
ECC_Time <- c(0.366938, 0.388057, 0.350441, 0.488499, 0.298233, 0.332337, 0.427415, 0.392438, 0.602931, 0.332736, 0.262817, 0.591417, 0.61097, 0.351455, 0.680848, 0.283728, 0.232309, 0.425203, 0.25087, 0.172859, 0.384871, 0.356551, 0.395609, 0.627107, 0.377715, 0.42458, 0.454724, 0.413721, 0.804994, 0.240799, 0.252341, 0.04553, 0.240757, 0.333452, 0.378651, 0.176855, 0.277925, 0.300072, 0.229024, 0.293742, 0.165501, 0.180635, 0.141756, 0.392046, 0.439995, 0.393752, 0.199722, 0.467648, 0.216104, 0.486112, 0.399336, 0.125766, 0.076104, 0.480286, 0.358447, 0.165302, 0.099588, 0.237714, 0.324543, 0.746422, 0.625596, 0.473497, 0.386346, 0.201861, 0.331709, 0.272719, 0.206008, 0.362878, 0.238495, 0.48673, 0.48164, 0.373287, 0.437934, 0.227885, 0.461786, 0.266536, 0.349149, 0.399651, 0.290598, 0.3766, 0.258917, 0.505903, 0.285078, 0.142787, 0.34706, 0.082206, 0.180141, 0.59438, 0.122256, 0.444226, 0.172345, 0.611481, 0.091501, 0.172394, 0.653763, 0.142392, 0.039181, 0.325658, 0.083631, 0.39321, 0.167729, 0.486977, 0.264214, 0.4485, 0.323871, 0.49819, 0.236491, 0.678079)

n_char <- c(89914, 100216, 83869, 73427, 61961, 81949, 102631, 96574, 151952, 85234, 65218, 146855, 113838, 87669, 107218, 63249, 59807, 91882, 51488, 38618, 98856, 89476, 84416, 135224, 96052, 107610, 100863, 56793, 117927, 53803, 54227, 7916, 56459, 77786, 75741, 41217, 60366, 69754, 53660, 75422, 29349, 44170, 28626, 89337, 96162, 89204, 46733, 101342, 49898, 113382, 89338, 26486, 14680, 119325, 86269, 34606, 20743, 47020, 80600, 180020, 117906, 121514, 84647, 42263, 78609, 58047, 43798, 83522, 52525, 122303, 105724, 83700, 97601, 51434, 114526, 40245, 88886, 99005, 62898, 84549, 60565, 110783, 66020, 30732, 79609, 16941, 40398, 78239, 28441, 87572, 40035, 99687, 16731, 35823, 116248, 29059, 4467, 71858, 16855, 84245, 39751, 122502, 59628, 112345, 77217, 114264, 54229, 147838)
